1|2016|2|NULL
2|2016|3|NULL
3|2016|4|NULL
4|2016|5|NULL
5|2016|6|NULL
6|2016|7|NULL
7|2016|8|NULL
8|2016|9|NULL
9|2016|10|NULL
10|2016|11|NULL
11|2016|12|NULL
12|2016|13|NULL
13|2016|14|NULL
14|2016|15|NULL
15|2016|16|NULL
16|2016|17|NULL
17|2016|18|NULL
18|2016|19|NULL
19|2016|20|NULL
20|2016|21|NULL
21|2016|22|NULL
22|2016|23|NULL
23|2016|24|NULL
24|2016|1|NULL
25|2016|2|NULL
26|2016|3|NULL
27|2016|4|NULL
28|2016|5|NULL
29|2016|6|NULL
30|2016|7|NULL
31|2016|8|NULL
32|2016|9|NULL
33|2016|10|NULL
34|2016|11|NULL
35|2016|12|NULL
36|2016|13|NULL
37|2016|14|NULL
38|2016|15|NULL
39|2016|16|NULL
40|2016|17|NULL
41|2016|18|NULL
42|2016|19|NULL
43|2016|20|NULL
44|2016|21|NULL
45|2016|22|NULL
46|2016|23|NULL
47|2016|24|NULL
48|2016|1|NULL
49|2016|2|NULL
50|2016|3|NULL
51|2016|4|NULL
52|2016|5|NULL
53|2016|6|NULL
54|2016|7|NULL
55|2016|8|NULL
56|2016|9|NULL
57|2016|10|NULL
58|2016|11|NULL
59|2016|12|NULL
60|2016|13|NULL
61|2016|14|NULL
62|2016|15|NULL
63|2016|16|NULL
64|2016|17|NULL
65|2016|18|NULL
66|2016|19|NULL
67|2016|20|NULL
68|2016|21|NULL
69|2016|22|NULL
70|2016|23|NULL
71|2016|24|NULL
72|2016|1|NULL
73|2016|2|NULL
74|2016|3|NULL
75|2016|4|NULL
76|2016|5|NULL
77|2016|6|NULL
78|2016|7|NULL
79|2016|8|NULL
80|2016|9|NULL
81|2016|10|NULL
82|2016|11|NULL
83|2016|12|NULL
84|2016|13|NULL
85|2016|14|NULL
86|2016|15|NULL
87|2016|16|NULL
88|2016|17|NULL
89|2016|18|NULL
90|2016|19|NULL
91|2016|20|NULL
92|2016|21|NULL
93|2016|22|NULL
94|2016|23|NULL
95|2016|24|NULL
96|2016|1|NULL
97|2016|2|NULL
98|2016|3|NULL
99|2016|4|NULL
100|2016|5|NULL
101|2016|6|NULL
102|2016|7|NULL
103|2016|8|NULL
104|2016|9|NULL
105|2016|10|NULL
106|2016|11|NULL
107|2016|12|NULL
108|2016|13|NULL
109|2016|14|NULL
110|2016|15|NULL
111|2016|16|NULL
112|2016|17|NULL
113|2016|18|NULL
114|2016|19|NULL
115|2016|20|NULL
116|2016|21|NULL
117|2016|22|NULL
118|2016|23|NULL
119|2016|24|NULL
120|2016|1|NULL
121|2016|2|NULL
122|2016|3|NULL
123|2016|4|NULL
124|2016|5|NULL
125|2016|6|NULL
126|2016|7|NULL
127|2016|8|NULL
128|2016|9|NULL
129|2016|10|NULL
130|2016|11|NULL
131|2016|12|NULL
132|2016|13|NULL
133|2016|14|NULL
134|2016|15|NULL
135|2016|16|NULL
136|2016|17|NULL
137|2016|18|NULL
138|2016|19|NULL
139|2016|20|NULL
140|2016|21|NULL
141|2016|22|NULL
142|2016|23|NULL
143|2016|24|NULL
144|2016|1|NULL
145|2016|2|NULL
146|2016|3|NULL
147|2016|4|NULL
148|2016|5|NULL
149|2016|6|NULL
150|2016|7|NULL
151|2016|8|NULL
152|2016|9|NULL
153|2016|10|NULL
154|2016|11|NULL
155|2016|12|NULL
156|2016|13|NULL
157|2016|14|NULL
158|2016|15|NULL
159|2016|16|NULL
160|2016|17|NULL
161|2016|18|NULL
162|2016|19|NULL
163|2016|20|NULL
164|2016|21|NULL
165|2016|22|NULL
166|2016|23|NULL
167|2016|24|NULL
168|2016|1|NULL
169|2016|2|NULL
170|2016|3|NULL
171|2016|4|NULL
172|2016|5|NULL
173|2016|6|NULL
174|2016|7|NULL
175|2016|8|NULL
176|2016|9|NULL
177|2016|10|NULL
178|2016|11|NULL
179|2016|12|NULL
180|2016|13|NULL
181|2016|14|NULL
182|2016|15|NULL
183|2016|16|NULL
184|2016|17|NULL
185|2016|18|NULL
186|2016|19|NULL
187|2016|20|NULL
188|2016|21|NULL
189|2016|22|NULL
190|2016|23|NULL
191|2016|24|NULL
192|2016|1|NULL
193|2016|2|NULL
194|2016|3|NULL
195|2016|4|NULL
196|2016|5|NULL
197|2016|6|NULL
198|2016|7|NULL
199|2016|8|NULL
200|2016|9|NULL
201|2016|10|NULL
202|2016|11|NULL
203|2016|12|NULL
204|2016|13|NULL
205|2016|14|NULL
206|2016|15|NULL
207|2016|16|NULL
208|2016|17|NULL
209|2016|18|NULL
210|2016|19|NULL
211|2016|20|NULL
212|2016|21|NULL
213|2016|22|NULL
214|2016|23|NULL
215|2016|24|NULL
216|2016|1|NULL
217|2016|2|NULL
218|2016|3|NULL
219|2016|4|NULL
220|2016|5|NULL
221|2016|6|NULL
222|2016|7|NULL
223|2016|8|NULL
224|2016|9|NULL
225|2016|10|NULL
226|2016|11|NULL
227|2016|12|NULL
228|2016|13|NULL
229|2016|14|NULL
230|2016|15|NULL
231|2016|16|NULL
232|2016|17|NULL
233|2016|18|NULL
234|2016|19|NULL
235|2016|20|NULL
236|2016|21|NULL
237|2016|22|NULL
238|2016|23|NULL
239|2016|24|NULL
240|2016|1|NULL
241|2016|2|NULL
242|2016|3|NULL
243|2016|4|NULL
244|2016|5|NULL
245|2016|6|NULL
246|2016|7|NULL
247|2016|8|NULL
248|2016|9|NULL
249|2016|10|NULL
250|2016|11|NULL
251|2016|12|NULL
252|2016|13|NULL
253|2016|14|NULL
254|2016|15|NULL
255|2016|16|NULL
256|2016|17|NULL
257|2016|18|NULL
258|2016|19|NULL
259|2016|20|NULL
260|2016|21|NULL
261|2016|22|NULL
262|2016|23|NULL
263|2016|24|NULL
264|2016|1|NULL
265|2016|2|NULL
266|2016|3|NULL
267|2016|4|NULL
268|2016|5|NULL
269|2016|6|NULL
270|2016|7|NULL
271|2016|8|NULL
272|2016|9|NULL
273|2016|10|NULL
274|2016|11|NULL
275|2016|12|NULL
276|2016|13|NULL
277|2016|14|NULL
278|2016|15|NULL
279|2016|16|NULL
280|2016|17|NULL
281|2016|18|NULL
282|2016|19|NULL
283|2016|20|NULL
284|2016|21|NULL
285|2016|22|NULL
286|2016|23|NULL
287|2016|24|NULL
288|2016|1|NULL
289|2016|2|NULL
290|2016|3|NULL
291|2016|4|NULL
292|2016|5|NULL
293|2016|6|NULL
294|2016|7|NULL
295|2016|8|NULL
296|2016|9|NULL
297|2016|10|NULL
298|2016|11|NULL
299|2016|12|NULL
300|2016|13|NULL
301|2016|14|NULL
302|2016|15|NULL
303|2016|16|NULL
304|2016|17|NULL
305|2016|18|NULL
306|2016|19|NULL
307|2016|20|NULL
308|2016|21|NULL
309|2016|22|NULL
310|2016|23|NULL
311|2016|24|NULL
312|2016|1|NULL
313|2016|2|NULL
314|2016|3|NULL
315|2016|4|NULL
316|2016|5|NULL
317|2016|6|NULL
318|2016|7|NULL
319|2016|8|NULL
320|2016|9|NULL
321|2016|10|NULL
322|2016|11|NULL
323|2016|12|NULL
324|2016|13|NULL
325|2016|14|NULL
326|2016|15|NULL
327|2016|16|NULL
328|2016|17|NULL
329|2016|18|NULL
330|2016|19|NULL
331|2016|20|NULL
332|2016|21|NULL
333|2016|22|NULL
334|2016|23|NULL
335|2016|24|NULL
336|2016|1|NULL
337|2016|2|NULL
338|2016|3|NULL
339|2016|4|NULL
340|2016|5|NULL
341|2016|6|NULL
342|2016|7|NULL
343|2016|8|NULL
344|2016|9|NULL
345|2016|10|NULL
346|2016|11|NULL
347|2016|12|NULL
348|2016|13|NULL
349|2016|14|NULL
350|2016|15|NULL
351|2016|16|NULL
352|2016|17|NULL
353|2016|18|NULL
354|2016|19|NULL
355|2016|20|NULL
356|2016|21|NULL
357|2016|22|NULL
358|2016|23|NULL
359|2016|24|NULL
360|2016|1|NULL
361|2016|2|NULL
362|2016|3|NULL
363|2016|4|NULL
364|2016|5|NULL
365|2016|6|NULL
366|2016|7|NULL
367|2016|8|NULL
368|2016|9|NULL
369|2016|10|NULL
370|2016|11|NULL
371|2016|12|NULL
372|2016|13|NULL
373|2016|14|NULL
374|2016|15|NULL
375|2016|16|NULL
376|2016|17|NULL
377|2016|18|NULL
378|2016|19|NULL
379|2016|20|NULL
380|2016|21|NULL
381|2016|22|NULL
382|2016|23|NULL
383|2016|24|NULL
384|2016|1|NULL
385|2016|2|NULL
386|2016|3|NULL
387|2016|4|NULL
388|2016|5|NULL
389|2016|6|NULL
390|2016|7|NULL
391|2016|8|NULL
392|2016|9|NULL
393|2016|10|NULL
394|2016|11|NULL
395|2016|12|NULL
396|2016|13|NULL
397|2016|14|NULL
398|2016|15|NULL
399|2016|16|NULL
400|2016|17|NULL
401|2016|18|NULL
402|2016|19|NULL
403|2016|20|NULL
404|2016|21|NULL
405|2016|22|NULL
406|2016|23|NULL
407|2016|24|NULL
408|2016|1|NULL
409|2016|2|NULL
410|2016|3|NULL
411|2016|4|NULL
412|2016|5|NULL
413|2016|6|NULL
414|2016|7|NULL
415|2016|8|NULL
416|2016|9|NULL
417|2016|10|NULL
418|2016|11|NULL
419|2016|12|NULL
420|2016|13|NULL
421|2016|14|NULL
422|2016|15|NULL
423|2016|16|NULL
424|2016|17|NULL
425|2016|18|NULL
426|2016|19|NULL
427|2016|20|NULL
428|2016|21|NULL
429|2016|22|NULL
430|2016|23|NULL
431|2016|24|NULL
432|2016|1|NULL
433|2016|2|NULL
434|2016|3|NULL
435|2016|4|NULL
436|2016|5|NULL
437|2016|6|NULL
438|2016|7|NULL
439|2016|8|NULL
440|2016|9|NULL
441|2016|10|NULL
442|2016|11|NULL
443|2016|12|NULL
444|2016|13|NULL
445|2016|14|NULL
446|2016|15|NULL
447|2016|16|NULL
448|2016|17|NULL
449|2016|18|NULL
450|2016|19|NULL
451|2016|20|NULL
452|2016|21|NULL
453|2016|22|NULL
454|2016|23|NULL
455|2016|24|NULL
456|2016|1|NULL
457|2016|2|NULL
458|2016|3|NULL
459|2016|4|NULL
460|2016|5|NULL
461|2016|6|NULL
462|2016|7|NULL
463|2016|8|NULL
464|2016|9|NULL
465|2016|10|NULL
466|2016|11|NULL
467|2016|12|NULL
468|2016|13|NULL
469|2016|14|NULL
470|2016|15|NULL
471|2016|16|NULL
472|2016|17|NULL
473|2016|18|NULL
474|2016|19|NULL
475|2016|20|NULL
476|2016|21|NULL
477|2016|22|NULL
478|2016|23|NULL
479|2016|24|NULL
480|2016|1|NULL
481|2016|2|NULL
482|2016|3|NULL
483|2016|4|NULL
484|2016|5|NULL
485|2016|6|NULL
486|2016|7|NULL
487|2016|8|NULL
488|2016|9|NULL
489|2016|10|NULL
490|2016|11|NULL
491|2016|12|NULL
492|2016|13|NULL
493|2016|14|NULL
494|2016|15|NULL
495|2016|16|NULL
496|2016|17|NULL
497|2016|18|NULL
498|2016|19|NULL
499|2016|20|NULL
500|2016|21|NULL
501|2016|22|NULL
502|2016|23|NULL
503|2016|24|NULL
504|2016|1|NULL
505|2016|2|NULL
506|2016|3|NULL
507|2016|4|NULL
508|2016|5|NULL
509|2016|6|NULL
510|2016|7|NULL
511|2016|8|NULL
512|2016|9|NULL
513|2016|10|NULL
514|2016|11|NULL
515|2016|12|NULL
516|2016|13|NULL
517|2016|14|NULL
518|2016|15|NULL
519|2016|16|NULL
520|2016|17|NULL
521|2016|18|NULL
522|2016|19|NULL
523|2016|20|NULL
524|2016|21|NULL
525|2016|22|NULL
526|2016|23|NULL
527|2016|24|NULL
528|2016|1|NULL
529|2016|2|NULL
530|2016|3|NULL
531|2016|4|NULL
532|2016|5|NULL
533|2016|6|NULL
534|2016|7|NULL
535|2016|8|NULL
536|2016|9|NULL
537|2016|10|NULL
538|2016|11|NULL
539|2016|12|NULL
540|2016|13|NULL
541|2016|14|NULL
542|2016|15|NULL
543|2016|16|NULL
544|2016|17|NULL
545|2016|18|NULL
546|2016|19|NULL
547|2016|20|NULL
548|2016|21|NULL
549|2016|22|NULL
550|2016|23|NULL
551|2016|24|NULL
552|2016|1|NULL
553|2016|2|NULL
554|2016|3|NULL
555|2016|4|NULL
556|2016|5|NULL
557|2016|6|NULL
558|2016|7|NULL
559|2016|8|NULL
560|2016|9|NULL
561|2016|10|NULL
562|2016|11|NULL
563|2016|12|NULL
564|2016|13|NULL
565|2016|14|NULL
566|2016|15|NULL
567|2016|16|NULL
568|2016|17|NULL
569|2016|18|NULL
570|2016|19|NULL
571|2016|20|NULL
572|2016|21|NULL
573|2016|22|NULL
574|2016|23|NULL
575|2016|24|NULL
576|2016|1|NULL
577|2016|2|NULL
578|2016|3|NULL
579|2016|4|NULL
580|2016|5|NULL
581|2016|6|NULL
582|2016|7|NULL
583|2016|8|NULL
584|2016|9|NULL
585|2016|10|NULL
586|2016|11|NULL
587|2016|12|NULL
588|2016|13|NULL
589|2016|14|NULL
590|2016|15|NULL
591|2016|16|NULL
592|2016|17|NULL
593|2016|18|NULL
594|2016|19|NULL
595|2016|20|NULL
596|2016|21|NULL
597|2016|22|NULL
598|2016|23|NULL
599|2016|24|NULL
600|2016|1|NULL
601|2016|2|NULL
602|2016|3|NULL
603|2016|4|NULL
604|2016|5|NULL
605|2016|6|NULL
606|2016|7|NULL
607|2016|8|NULL
608|2016|9|NULL
609|2016|10|NULL
610|2016|11|NULL
611|2016|12|NULL
612|2016|13|NULL
613|2016|14|NULL
614|2016|15|NULL
615|2016|16|NULL
616|2016|17|NULL
617|2016|18|NULL
618|2016|19|NULL
619|2016|20|NULL
620|2016|21|NULL
621|2016|22|NULL
622|2016|23|NULL
623|2016|24|NULL
624|2016|1|NULL
625|2016|2|NULL
626|2016|3|NULL
627|2016|4|NULL
628|2016|5|NULL
629|2016|6|NULL
630|2016|7|NULL
631|2016|8|NULL
632|2016|9|NULL
633|2016|10|NULL
634|2016|11|NULL
635|2016|12|NULL
636|2016|13|NULL
637|2016|14|NULL
638|2016|15|NULL
639|2016|16|NULL
640|2016|17|NULL
641|2016|18|NULL
642|2016|19|NULL
643|2016|20|NULL
644|2016|21|NULL
645|2016|22|NULL
646|2016|23|NULL
647|2016|24|NULL
648|2016|1|NULL
649|2016|2|NULL
650|2016|3|NULL
651|2016|4|NULL
652|2016|5|NULL
653|2016|6|NULL
654|2016|7|NULL
655|2016|8|NULL
656|2016|9|NULL
657|2016|10|NULL
658|2016|11|NULL
659|2016|12|NULL
660|2016|13|NULL
661|2016|14|NULL
662|2016|15|NULL
663|2016|16|NULL
664|2016|17|NULL
665|2016|18|NULL
666|2016|19|NULL
667|2016|20|NULL
668|2016|21|NULL
669|2016|22|NULL
670|2016|23|NULL
671|2016|24|NULL
672|2016|1|NULL
673|2016|2|NULL
674|2016|3|NULL
675|2016|4|NULL
676|2016|5|NULL
677|2016|6|NULL
678|2016|7|NULL
679|2016|8|NULL
680|2016|9|NULL
681|2016|10|NULL
682|2016|11|NULL
683|2016|12|NULL
684|2016|13|NULL
685|2016|14|NULL
686|2016|15|NULL
687|2016|16|NULL
688|2016|17|NULL
689|2016|18|NULL
690|2016|19|NULL
691|2016|20|NULL
692|2016|21|NULL
693|2016|22|NULL
694|2016|23|NULL
695|2016|24|NULL
696|2016|1|NULL
697|2016|2|NULL
698|2016|3|NULL
699|2016|4|NULL
700|2016|5|NULL
701|2016|6|NULL
702|2016|7|NULL
703|2016|8|NULL
704|2016|9|NULL
705|2016|10|NULL
706|2016|11|NULL
707|2016|12|NULL
708|2016|13|NULL
709|2016|14|NULL
710|2016|15|NULL
711|2016|16|NULL
712|2016|17|NULL
713|2016|18|NULL
714|2016|19|NULL
715|2016|20|NULL
716|2016|21|NULL
717|2016|22|NULL
718|2016|23|NULL
719|2016|24|NULL
720|2016|1|NULL
721|2016|2|NULL
722|2016|3|NULL
723|2016|4|NULL
724|2016|5|NULL
725|2016|6|NULL
726|2016|7|NULL
727|2016|8|NULL
728|2016|9|NULL
729|2016|10|NULL
730|2016|11|NULL
731|2016|12|NULL
732|2016|13|NULL
733|2016|14|NULL
734|2016|15|NULL
735|2016|16|NULL
736|2016|17|NULL
737|2016|18|NULL
738|2016|19|NULL
739|2016|20|NULL
740|2016|21|NULL
741|2016|22|NULL
742|2016|23|NULL
743|2016|24|NULL
744|2016|1|NULL
745|2016|2|NULL
746|2016|3|NULL
747|2016|4|NULL
748|2016|5|NULL
749|2016|6|NULL
750|2016|7|NULL
751|2016|8|NULL
752|2016|9|NULL
753|2016|10|NULL
754|2016|11|NULL
755|2016|12|NULL
756|2016|13|NULL
757|2016|14|NULL
758|2016|15|NULL
759|2016|16|NULL
760|2016|17|NULL
761|2016|18|NULL
762|2016|19|NULL
763|2016|20|NULL
764|2016|21|NULL
765|2016|22|NULL
766|2016|23|NULL
767|2016|24|NULL
768|2016|1|NULL
769|2016|2|NULL
770|2016|3|NULL
771|2016|4|NULL
772|2016|5|NULL
773|2016|6|NULL
774|2016|7|NULL
775|2016|8|NULL
776|2016|9|NULL
777|2016|10|NULL
778|2016|11|NULL
779|2016|12|NULL
780|2016|13|NULL
781|2016|14|NULL
782|2016|15|NULL
783|2016|16|NULL
784|2016|17|NULL
785|2016|18|NULL
786|2016|19|NULL
787|2016|20|NULL
788|2016|21|NULL
789|2016|22|NULL
790|2016|23|NULL
791|2016|24|NULL
792|2016|1|NULL
793|2016|2|NULL
794|2016|3|NULL
795|2016|4|NULL
796|2016|5|NULL
797|2016|6|NULL
798|2016|7|NULL
799|2016|8|NULL
800|2016|9|NULL
801|2016|10|NULL
802|2016|11|NULL
803|2016|12|NULL
804|2016|13|NULL
805|2016|14|NULL
806|2016|15|NULL
807|2016|16|NULL
808|2016|17|NULL
809|2016|18|NULL
810|2016|19|NULL
811|2016|20|NULL
812|2016|21|NULL
813|2016|22|NULL
814|2016|23|NULL
815|2016|24|NULL
816|2016|1|NULL
817|2016|2|NULL
818|2016|3|NULL
819|2016|4|NULL
820|2016|5|NULL
821|2016|6|NULL
822|2016|7|NULL
823|2016|8|NULL
824|2016|9|NULL
825|2016|10|NULL
826|2016|11|NULL
827|2016|12|NULL
828|2016|13|NULL
829|2016|14|NULL
830|2016|15|NULL
831|2016|16|NULL
832|2016|17|NULL
833|2016|18|NULL
834|2016|19|NULL
835|2016|20|NULL
836|2016|21|NULL
837|2016|22|NULL
838|2016|23|NULL
839|2016|24|NULL
840|2016|1|NULL
841|2016|2|NULL
842|2016|3|NULL
843|2016|4|NULL
844|2016|5|NULL
845|2016|6|NULL
846|2016|7|NULL
847|2016|8|NULL
848|2016|9|NULL
849|2016|10|NULL
850|2016|11|NULL
851|2016|12|NULL
852|2016|13|NULL
853|2016|14|NULL
854|2016|15|NULL
855|2016|16|NULL
856|2016|17|NULL
857|2016|18|NULL
858|2016|19|NULL
859|2016|20|NULL
860|2016|21|NULL
861|2016|22|NULL
862|2016|23|NULL
863|2016|24|NULL
864|2016|1|NULL
865|2016|2|NULL
866|2016|3|NULL
867|2016|4|NULL
868|2016|5|NULL
869|2016|6|NULL
870|2016|7|NULL
871|2016|8|NULL
872|2016|9|NULL
873|2016|10|NULL
874|2016|11|NULL
875|2016|12|NULL
876|2016|13|NULL
877|2016|14|NULL
878|2016|15|NULL
879|2016|16|NULL
880|2016|17|NULL
881|2016|18|NULL
882|2016|19|NULL
883|2016|20|NULL
884|2016|21|NULL
885|2016|22|NULL
886|2016|23|NULL
887|2016|24|NULL
888|2016|1|NULL
889|2016|2|NULL
890|2016|3|NULL
891|2016|4|NULL
892|2016|5|NULL
893|2016|6|NULL
894|2016|7|NULL
895|2016|8|NULL
896|2016|9|NULL
897|2016|10|NULL
898|2016|11|NULL
899|2016|12|NULL
900|2016|13|NULL
901|2016|14|NULL
902|2016|15|NULL
903|2016|16|NULL
904|2016|17|NULL
905|2016|18|NULL
906|2016|19|NULL
907|2016|20|NULL
908|2016|21|NULL
909|2016|22|NULL
910|2016|23|NULL
911|2016|24|NULL
912|2016|1|NULL
913|2016|2|NULL
914|2016|3|NULL
915|2016|4|NULL
916|2016|5|NULL
917|2016|6|NULL
918|2016|7|NULL
919|2016|8|NULL
920|2016|9|NULL
921|2016|10|NULL
922|2016|11|NULL
923|2016|12|NULL
924|2016|13|NULL
925|2016|14|NULL
926|2016|15|NULL
927|2016|16|NULL
928|2016|17|NULL
929|2016|18|NULL
930|2016|19|NULL
931|2016|20|NULL
932|2016|21|NULL
933|2016|22|NULL
934|2016|23|NULL
935|2016|24|NULL
936|2016|1|NULL
937|2016|2|NULL
938|2016|3|NULL
939|2016|4|NULL
940|2016|5|NULL
941|2016|6|NULL
942|2016|7|NULL
943|2016|8|NULL
944|2016|9|NULL
945|2016|10|NULL
946|2016|11|NULL
947|2016|12|NULL
948|2016|13|NULL
949|2016|14|NULL
950|2016|15|NULL
951|2016|16|NULL
952|2016|17|NULL
953|2016|18|NULL
954|2016|19|NULL
955|2016|20|NULL
956|2016|21|NULL
957|2016|22|NULL
958|2016|23|NULL
959|2016|24|NULL
960|2016|1|NULL
961|2016|2|NULL
962|2016|3|NULL
963|2016|4|NULL
964|2016|5|NULL
965|2016|6|NULL
966|2016|7|NULL
967|2016|8|NULL
968|2016|9|NULL
969|2016|10|NULL
970|2016|11|NULL
971|2016|12|NULL
972|2016|13|NULL
973|2016|14|NULL
974|2016|15|NULL
975|2016|16|NULL
976|2016|17|NULL
977|2016|18|NULL
978|2016|19|NULL
979|2016|20|NULL
980|2016|21|NULL
981|2016|22|NULL
982|2016|23|NULL
983|2016|24|NULL
984|2016|1|NULL
985|2016|2|NULL
986|2016|3|NULL
987|2016|4|NULL
988|2016|5|NULL
989|2016|6|NULL
990|2016|7|NULL
991|2016|8|NULL
992|2016|9|NULL
993|2016|10|NULL
994|2016|11|NULL
995|2016|12|NULL
996|2016|13|NULL
997|2016|14|NULL
998|2016|15|NULL
999|2016|16|NULL
1000|2016|17|NULL
1001|2016|18|NULL
1002|2016|19|NULL
1003|2016|20|NULL
1004|2016|21|NULL
1005|2016|22|NULL
1006|2016|23|NULL
1007|2016|24|NULL
1008|2016|1|NULL
1009|2016|2|NULL
1010|2016|3|NULL
1011|2016|4|NULL
1012|2016|5|NULL
1013|2016|6|NULL
1014|2016|7|NULL
1015|2016|8|NULL
1016|2016|9|NULL
1017|2016|10|NULL
1018|2016|11|NULL
1019|2016|12|NULL
1020|2016|13|NULL
1021|2016|14|NULL
1022|2016|15|NULL
1023|2016|16|NULL
1024|2016|17|NULL
1025|2016|18|NULL
1026|2016|19|NULL
1027|2016|20|NULL
1028|2016|21|NULL
1029|2016|22|NULL
1030|2016|23|NULL
1031|2016|24|NULL
1032|2016|1|NULL
1033|2016|2|NULL
1034|2016|3|NULL
1035|2016|4|NULL
1036|2016|5|NULL
1037|2016|6|NULL
1038|2016|7|NULL
1039|2016|8|NULL
1040|2016|9|NULL
1041|2016|10|NULL
1042|2016|11|NULL
1043|2016|12|NULL
1044|2016|13|NULL
1045|2016|14|NULL
1046|2016|15|NULL
1047|2016|16|NULL
1048|2016|17|NULL
1049|2016|18|NULL
1050|2016|19|NULL
1051|2016|20|NULL
1052|2016|21|NULL
1053|2016|22|NULL
1054|2016|23|NULL
1055|2016|24|NULL
1056|2016|1|NULL
1057|2016|2|NULL
1058|2016|3|NULL
1059|2016|4|NULL
1060|2016|5|NULL
1061|2016|6|NULL
1062|2016|7|NULL
1063|2016|8|NULL
1064|2016|9|NULL
1065|2016|10|NULL
1066|2016|11|NULL
1067|2016|12|NULL
1068|2016|13|NULL
1069|2016|14|NULL
1070|2016|15|NULL
1071|2016|16|NULL
1072|2016|17|NULL
1073|2016|18|NULL
1074|2016|19|NULL
1075|2016|20|NULL
1076|2016|21|NULL
1077|2016|22|NULL
1078|2016|23|NULL
1079|2016|24|NULL
1080|2016|1|NULL
1081|2016|2|NULL
1082|2016|3|NULL
1083|2016|4|NULL
1084|2016|5|NULL
1085|2016|6|NULL
1086|2016|7|NULL
1087|2016|8|NULL
1088|2016|9|NULL
1089|2016|10|NULL
1090|2016|11|NULL
1091|2016|12|NULL
1092|2016|13|NULL
1093|2016|14|NULL
1094|2016|15|NULL
1095|2016|16|NULL
1096|2016|17|NULL
1097|2016|18|NULL
1098|2016|19|NULL
1099|2016|20|NULL
1100|2016|21|NULL
1101|2016|22|NULL
1102|2016|23|NULL
1103|2016|24|NULL
1104|2016|1|NULL
1105|2016|2|NULL
1106|2016|3|NULL
1107|2016|4|NULL
1108|2016|5|NULL
1109|2016|6|NULL
1110|2016|7|NULL
1111|2016|8|NULL
1112|2016|9|NULL
1113|2016|10|NULL
1114|2016|11|NULL
1115|2016|12|NULL
1116|2016|13|NULL
1117|2016|14|NULL
1118|2016|15|NULL
1119|2016|16|NULL
1120|2016|17|NULL
1121|2016|18|NULL
1122|2016|19|NULL
1123|2016|20|NULL
1124|2016|21|NULL
1125|2016|22|NULL
1126|2016|23|NULL
1127|2016|24|NULL
1128|2016|1|NULL
1129|2016|2|NULL
1130|2016|3|NULL
1131|2016|4|NULL
1132|2016|5|NULL
1133|2016|6|NULL
1134|2016|7|NULL
1135|2016|8|NULL
1136|2016|9|NULL
1137|2016|10|NULL
1138|2016|11|NULL
1139|2016|12|NULL
1140|2016|13|NULL
1141|2016|14|NULL
1142|2016|15|NULL
1143|2016|16|NULL
1144|2016|17|NULL
1145|2016|18|NULL
1146|2016|19|NULL
1147|2016|20|NULL
1148|2016|21|NULL
1149|2016|22|NULL
1150|2016|23|NULL
1151|2016|24|NULL
1152|2016|1|NULL
1153|2016|2|NULL
1154|2016|3|NULL
1155|2016|4|NULL
1156|2016|5|NULL
1157|2016|6|NULL
1158|2016|7|NULL
1159|2016|8|NULL
1160|2016|9|NULL
1161|2016|10|NULL
1162|2016|11|NULL
1163|2016|12|NULL
1164|2016|13|NULL
1165|2016|14|NULL
1166|2016|15|NULL
1167|2016|16|NULL
1168|2016|17|NULL
1169|2016|18|NULL
1170|2016|19|NULL
1171|2016|20|NULL
1172|2016|21|NULL
1173|2016|22|NULL
1174|2016|23|NULL
1175|2016|24|NULL
1176|2016|1|NULL
1177|2016|2|NULL
1178|2016|3|NULL
1179|2016|4|NULL
1180|2016|5|NULL
1181|2016|6|NULL
1182|2016|7|NULL
1183|2016|8|NULL
1184|2016|9|NULL
1185|2016|10|NULL
1186|2016|11|NULL
1187|2016|12|NULL
1188|2016|13|NULL
1189|2016|14|NULL
1190|2016|15|NULL
1191|2016|16|NULL
1192|2016|17|NULL
1193|2016|18|NULL
1194|2016|19|NULL
1195|2016|20|NULL
1196|2016|21|NULL
1197|2016|22|NULL
1198|2016|23|NULL
1199|2016|24|NULL
1200|2016|1|NULL
1201|2016|2|NULL
1202|2016|3|NULL
1203|2016|4|NULL
1204|2016|5|NULL
1205|2016|6|NULL
1206|2016|7|NULL
1207|2016|8|NULL
1208|2016|9|NULL
1209|2016|10|NULL
1210|2016|11|NULL
1211|2016|12|NULL
1212|2016|13|NULL
1213|2016|14|NULL
1214|2016|15|NULL
1215|2016|16|NULL
1216|2016|17|NULL
1217|2016|18|NULL
1218|2016|19|NULL
1219|2016|20|NULL
1220|2016|21|NULL
1221|2016|22|NULL
1222|2016|23|NULL
1223|2016|24|NULL
1224|2016|1|NULL
1225|2016|2|NULL
1226|2016|3|NULL
1227|2016|4|NULL
1228|2016|5|NULL
1229|2016|6|NULL
1230|2016|7|NULL
1231|2016|8|NULL
1232|2016|9|NULL
1233|2016|10|NULL
1234|2016|11|NULL
1235|2016|12|NULL
1236|2016|13|NULL
1237|2016|14|NULL
1238|2016|15|NULL
1239|2016|16|NULL
1240|2016|17|NULL
1241|2016|18|NULL
1242|2016|19|NULL
1243|2016|20|NULL
1244|2016|21|NULL
1245|2016|22|NULL
1246|2016|23|NULL
1247|2016|24|NULL
1248|2016|1|NULL
1249|2016|2|NULL
1250|2016|3|NULL
1251|2016|4|NULL
1252|2016|5|NULL
1253|2016|6|NULL
1254|2016|7|NULL
1255|2016|8|NULL
1256|2016|9|NULL
1257|2016|10|NULL
1258|2016|11|NULL
1259|2016|12|NULL
1260|2016|13|NULL
1261|2016|14|NULL
1262|2016|15|NULL
1263|2016|16|NULL
1264|2016|17|NULL
1265|2016|18|NULL
1266|2016|19|NULL
1267|2016|20|NULL
1268|2016|21|NULL
1269|2016|22|NULL
1270|2016|23|NULL
1271|2016|24|NULL
1272|2016|1|NULL
1273|2016|2|NULL
1274|2016|3|NULL
1275|2016|4|NULL
1276|2016|5|NULL
1277|2016|6|NULL
1278|2016|7|NULL
1279|2016|8|NULL
1280|2016|9|NULL
1281|2016|10|NULL
1282|2016|11|NULL
1283|2016|12|NULL
1284|2016|13|NULL
1285|2016|14|NULL
1286|2016|15|NULL
1287|2016|16|NULL
1288|2016|17|NULL
1289|2016|18|NULL
1290|2016|19|NULL
1291|2016|20|NULL
1292|2016|21|NULL
1293|2016|22|NULL
1294|2016|23|NULL
1295|2016|24|NULL
1296|2016|1|NULL
1297|2016|2|NULL
1298|2016|3|NULL
1299|2016|4|NULL
1300|2016|5|NULL
1301|2016|6|NULL
1302|2016|7|NULL
1303|2016|8|NULL
1304|2016|9|NULL
1305|2016|10|NULL
1306|2016|11|NULL
1307|2016|12|NULL
1308|2016|13|NULL
1309|2016|14|NULL
1310|2016|15|NULL
1311|2016|16|NULL
1312|2016|17|NULL
1313|2016|18|NULL
1314|2016|19|NULL
1315|2016|20|NULL
1316|2016|21|NULL
1317|2016|22|NULL
1318|2016|23|NULL
1319|2016|24|NULL
1320|2016|1|NULL
1321|2016|2|NULL
1322|2016|3|NULL
1323|2016|4|NULL
1324|2016|5|NULL
1325|2016|6|NULL
1326|2016|7|NULL
1327|2016|8|NULL
1328|2016|9|NULL
1329|2016|10|NULL
1330|2016|11|NULL
1331|2016|12|NULL
1332|2016|13|NULL
1333|2016|14|NULL
1334|2016|15|NULL
1335|2016|16|NULL
1336|2016|17|NULL
1337|2016|18|NULL
1338|2016|19|NULL
1339|2016|20|NULL
1340|2016|21|NULL
1341|2016|22|NULL
1342|2016|23|NULL
1343|2016|24|NULL
1344|2016|1|NULL
1345|2016|2|NULL
1346|2016|3|NULL
1347|2016|4|NULL
1348|2016|5|NULL
1349|2016|6|NULL
1350|2016|7|NULL
1351|2016|8|NULL
1352|2016|9|NULL
1353|2016|10|NULL
1354|2016|11|NULL
1355|2016|12|NULL
1356|2016|13|NULL
1357|2016|14|NULL
1358|2016|15|NULL
1359|2016|16|NULL
1360|2016|17|NULL
1361|2016|18|NULL
1362|2016|19|NULL
1363|2016|20|NULL
1364|2016|21|NULL
1365|2016|22|NULL
1366|2016|23|NULL
1367|2016|24|NULL
1368|2016|1|NULL
1369|2016|2|NULL
1370|2016|3|NULL
1371|2016|4|NULL
1372|2016|5|NULL
1373|2016|6|NULL
1374|2016|7|NULL
1375|2016|8|NULL
1376|2016|9|NULL
1377|2016|10|NULL
1378|2016|11|NULL
1379|2016|12|NULL
1380|2016|13|NULL
1381|2016|14|NULL
1382|2016|15|NULL
1383|2016|16|NULL
1384|2016|17|NULL
1385|2016|18|NULL
1386|2016|19|NULL
1387|2016|20|NULL
1388|2016|21|NULL
1389|2016|22|NULL
1390|2016|23|NULL
1391|2016|24|NULL
1392|2016|1|NULL
1393|2016|2|NULL
1394|2016|3|NULL
1395|2016|4|NULL
1396|2016|5|NULL
1397|2016|6|NULL
1398|2016|7|NULL
1399|2016|8|NULL
1400|2016|9|NULL
1401|2016|10|NULL
1402|2016|11|NULL
1403|2016|12|NULL
1404|2016|13|NULL
1405|2016|14|NULL
1406|2016|15|NULL
1407|2016|16|NULL
1408|2016|17|NULL
1409|2016|18|NULL
1410|2016|19|NULL
1411|2016|20|NULL
1412|2016|21|NULL
1413|2016|22|NULL
1414|2016|23|NULL
1415|2016|24|NULL
1416|2016|1|NULL
1417|2016|2|NULL
1418|2016|3|NULL
1419|2016|4|NULL
1420|2016|5|NULL
1421|2016|6|NULL
1422|2016|7|NULL
1423|2016|8|NULL
1424|2016|9|NULL
1425|2016|10|NULL
1426|2016|11|NULL
1427|2016|12|NULL
1428|2016|13|NULL
1429|2016|14|NULL
1430|2016|15|NULL
1431|2016|16|NULL
1432|2016|17|NULL
1433|2016|18|NULL
1434|2016|19|NULL
1435|2016|20|NULL
1436|2016|21|NULL
1437|2016|22|NULL
1438|2016|23|NULL
1439|2016|24|NULL
1440|2016|1|NULL
1441|2016|2|NULL
1442|2016|3|NULL
1443|2016|4|NULL
1444|2016|5|NULL
1445|2016|6|NULL
1446|2016|7|NULL
1447|2016|8|NULL
1448|2016|9|NULL
1449|2016|10|NULL
1450|2016|11|NULL
1451|2016|12|NULL
1452|2016|13|NULL
1453|2016|14|NULL
1454|2016|15|NULL
1455|2016|16|NULL
1456|2016|17|NULL
1457|2016|18|NULL
1458|2016|19|NULL
1459|2016|20|NULL
1460|2016|21|NULL
1461|2016|22|NULL
1462|2016|23|NULL
1463|2016|24|NULL
1464|2016|1|NULL
1465|2016|2|NULL
1466|2016|3|NULL
1467|2016|4|NULL
1468|2016|5|NULL
1469|2016|6|NULL
1470|2016|7|NULL
1471|2016|8|NULL
1472|2016|9|NULL
1473|2016|10|NULL
1474|2016|11|NULL
1475|2016|12|NULL
1476|2016|13|NULL
1477|2016|14|NULL
1478|2016|15|NULL
1479|2016|16|NULL
1480|2016|17|NULL
1481|2016|18|NULL
1482|2016|19|NULL
1483|2016|20|NULL
1484|2016|21|NULL
1485|2016|22|NULL
1486|2016|23|NULL
1487|2016|24|NULL
1488|2016|1|NULL
1489|2016|2|NULL
1490|2016|3|NULL
1491|2016|4|NULL
1492|2016|5|NULL
1493|2016|6|NULL
1494|2016|7|NULL
1495|2016|8|NULL
1496|2016|9|NULL
1497|2016|10|NULL
1498|2016|11|NULL
1499|2016|12|NULL
1500|2016|13|NULL
1501|2016|14|NULL
1502|2016|15|NULL
1503|2016|16|NULL
1504|2016|17|NULL
1505|2016|18|NULL
1506|2016|19|NULL
1507|2016|20|NULL
1508|2016|21|NULL
1509|2016|22|NULL
1510|2016|23|NULL
1511|2016|24|NULL
1512|2016|1|NULL
1513|2016|2|NULL
1514|2016|3|NULL
1515|2016|4|NULL
1516|2016|5|NULL
1517|2016|6|NULL
1518|2016|7|NULL
1519|2016|8|NULL
1520|2016|9|NULL
1521|2016|10|NULL
1522|2016|11|NULL
1523|2016|12|NULL
1524|2016|13|NULL
1525|2016|14|NULL
1526|2016|15|NULL
1527|2016|16|NULL
1528|2016|17|NULL
1529|2016|18|NULL
1530|2016|19|NULL
1531|2016|20|NULL
1532|2016|21|NULL
1533|2016|22|NULL
1534|2016|23|NULL
1535|2016|24|NULL
1536|2016|1|NULL
1537|2016|2|NULL
1538|2016|3|NULL
1539|2016|4|NULL
1540|2016|5|NULL
1541|2016|6|NULL
1542|2016|7|NULL
1543|2016|8|NULL
1544|2016|9|NULL
1545|2016|10|NULL
1546|2016|11|NULL
1547|2016|12|NULL
1548|2016|13|NULL
1549|2016|14|NULL
1550|2016|15|NULL
1551|2016|16|NULL
1552|2016|17|NULL
1553|2016|18|NULL
1554|2016|19|NULL
1555|2016|20|NULL
1556|2016|21|NULL
1557|2016|22|NULL
1558|2016|23|NULL
1559|2016|24|NULL
1560|2016|1|NULL
1561|2016|2|NULL
1562|2016|3|NULL
1563|2016|4|NULL
1564|2016|5|NULL
1565|2016|6|NULL
1566|2016|7|NULL
1567|2016|8|NULL
1568|2016|9|NULL
1569|2016|10|NULL
1570|2016|11|NULL
1571|2016|12|NULL
1572|2016|13|NULL
1573|2016|14|NULL
1574|2016|15|NULL
1575|2016|16|NULL
1576|2016|17|NULL
1577|2016|18|NULL
1578|2016|19|NULL
1579|2016|20|NULL
1580|2016|21|NULL
1581|2016|22|NULL
1582|2016|23|NULL
1583|2016|24|NULL
1584|2016|1|NULL
1585|2016|2|NULL
1586|2016|3|NULL
1587|2016|4|NULL
1588|2016|5|NULL
1589|2016|6|NULL
1590|2016|7|NULL
1591|2016|8|NULL
1592|2016|9|NULL
1593|2016|10|NULL
1594|2016|11|NULL
1595|2016|12|NULL
1596|2016|13|NULL
1597|2016|14|NULL
1598|2016|15|NULL
1599|2016|16|NULL
1600|2016|17|NULL
1601|2016|18|NULL
1602|2016|19|NULL
1603|2016|20|NULL
1604|2016|21|NULL
1605|2016|22|NULL
1606|2016|23|NULL
1607|2016|24|NULL
1608|2016|1|NULL
1609|2016|2|NULL
1610|2016|3|NULL
1611|2016|4|NULL
1612|2016|5|NULL
1613|2016|6|NULL
1614|2016|7|NULL
1615|2016|8|NULL
1616|2016|9|NULL
1617|2016|10|NULL
1618|2016|11|NULL
1619|2016|12|NULL
1620|2016|13|NULL
1621|2016|14|NULL
1622|2016|15|NULL
1623|2016|16|NULL
1624|2016|17|NULL
1625|2016|18|NULL
1626|2016|19|NULL
1627|2016|20|NULL
1628|2016|21|NULL
1629|2016|22|NULL
1630|2016|23|NULL
1631|2016|24|NULL
1632|2016|1|NULL
1633|2016|2|NULL
1634|2016|3|NULL
1635|2016|4|NULL
1636|2016|5|NULL
1637|2016|6|NULL
1638|2016|7|NULL
1639|2016|8|NULL
1640|2016|9|NULL
1641|2016|10|NULL
1642|2016|11|NULL
1643|2016|12|NULL
1644|2016|13|NULL
1645|2016|14|NULL
1646|2016|15|NULL
1647|2016|16|NULL
1648|2016|17|NULL
1649|2016|18|NULL
1650|2016|19|NULL
1651|2016|20|NULL
1652|2016|21|NULL
1653|2016|22|NULL
1654|2016|23|NULL
1655|2016|24|NULL
1656|2016|1|NULL
1657|2016|2|NULL
1658|2016|3|NULL
1659|2016|4|NULL
1660|2016|5|NULL
1661|2016|6|NULL
1662|2016|7|NULL
1663|2016|8|NULL
1664|2016|9|NULL
1665|2016|10|NULL
1666|2016|11|NULL
1667|2016|12|NULL
1668|2016|13|NULL
1669|2016|14|NULL
1670|2016|15|NULL
1671|2016|16|NULL
1672|2016|17|NULL
1673|2016|18|NULL
1674|2016|19|NULL
1675|2016|20|NULL
1676|2016|21|NULL
1677|2016|22|NULL
1678|2016|23|NULL
1679|2016|24|NULL
1680|2016|1|NULL
1681|2016|2|NULL
1682|2016|3|NULL
1683|2016|4|NULL
1684|2016|5|NULL
1685|2016|6|NULL
1686|2016|7|NULL
1687|2016|8|NULL
1688|2016|9|NULL
1689|2016|10|NULL
1690|2016|11|NULL
1691|2016|12|NULL
1692|2016|13|NULL
1693|2016|14|NULL
1694|2016|15|NULL
1695|2016|16|NULL
1696|2016|17|NULL
1697|2016|18|NULL
1698|2016|19|NULL
1699|2016|20|NULL
1700|2016|21|NULL
1701|2016|22|NULL
1702|2016|23|NULL
1703|2016|24|NULL
1704|2016|1|NULL
1705|2016|2|NULL
1706|2016|3|NULL
1707|2016|4|NULL
1708|2016|5|NULL
1709|2016|6|NULL
1710|2016|7|NULL
1711|2016|8|NULL
1712|2016|9|NULL
1713|2016|10|NULL
1714|2016|11|NULL
1715|2016|12|NULL
1716|2016|13|NULL
1717|2016|14|NULL
1718|2016|15|NULL
1719|2016|16|NULL
1720|2016|17|NULL
1721|2016|18|NULL
1722|2016|19|NULL
1723|2016|20|NULL
1724|2016|21|NULL
1725|2016|22|NULL
1726|2016|23|NULL
1727|2016|24|NULL
1728|2016|1|NULL
1729|2016|2|NULL
1730|2016|3|NULL
1731|2016|4|NULL
1732|2016|5|NULL
1733|2016|6|NULL
1734|2016|7|NULL
1735|2016|8|NULL
1736|2016|9|NULL
1737|2016|10|NULL
1738|2016|11|NULL
1739|2016|12|NULL
1740|2016|13|NULL
1741|2016|14|NULL
1742|2016|15|NULL
1743|2016|16|NULL
1744|2016|17|NULL
1745|2016|18|NULL
1746|2016|19|NULL
1747|2016|20|NULL
1748|2016|21|NULL
1749|2016|22|NULL
1750|2016|23|NULL
1751|2016|24|NULL
1752|2016|1|NULL
1753|2016|2|NULL
1754|2016|3|NULL
1755|2016|4|NULL
1756|2016|5|NULL
1757|2016|6|NULL
1758|2016|7|NULL
1759|2016|8|NULL
1760|2016|9|NULL
1761|2016|10|NULL
1762|2016|11|NULL
1763|2016|12|NULL
1764|2016|13|NULL
1765|2016|14|NULL
1766|2016|15|NULL
1767|2016|16|NULL
1768|2016|17|NULL
1769|2016|18|NULL
1770|2016|19|NULL
1771|2016|20|NULL
1772|2016|21|NULL
1773|2016|22|NULL
1774|2016|23|NULL
1775|2016|24|NULL
1776|2016|1|NULL
1777|2016|2|NULL
1778|2016|3|NULL
1779|2016|4|NULL
1780|2016|5|NULL
1781|2016|6|NULL
1782|2016|7|NULL
1783|2016|8|NULL
1784|2016|9|NULL
1785|2016|10|NULL
1786|2016|11|NULL
1787|2016|12|NULL
1788|2016|13|NULL
1789|2016|14|NULL
1790|2016|15|NULL
1791|2016|16|NULL
1792|2016|17|NULL
1793|2016|18|NULL
1794|2016|19|NULL
1795|2016|20|NULL
1796|2016|21|NULL
1797|2016|22|NULL
1798|2016|23|NULL
1799|2016|24|NULL
1800|2016|1|NULL
1801|2016|2|NULL
1802|2016|3|NULL
1803|2016|4|NULL
1804|2016|5|NULL
1805|2016|6|NULL
1806|2016|7|NULL
1807|2016|8|NULL
1808|2016|9|NULL
1809|2016|10|NULL
1810|2016|11|NULL
1811|2016|12|NULL
1812|2016|13|NULL
1813|2016|14|NULL
1814|2016|15|NULL
1815|2016|16|NULL
1816|2016|17|NULL
1817|2016|18|NULL
1818|2016|19|NULL
1819|2016|20|NULL
1820|2016|21|NULL
1821|2016|22|NULL
1822|2016|23|NULL
1823|2016|24|NULL
1824|2016|1|NULL
1825|2016|2|NULL
1826|2016|3|NULL
1827|2016|4|NULL
1828|2016|5|NULL
1829|2016|6|NULL
1830|2016|7|NULL
1831|2016|8|NULL
1832|2016|9|NULL
1833|2016|10|NULL
1834|2016|11|NULL
1835|2016|12|NULL
1836|2016|13|NULL
1837|2016|14|NULL
1838|2016|15|NULL
1839|2016|16|NULL
1840|2016|17|NULL
1841|2016|18|NULL
1842|2016|19|NULL
1843|2016|20|NULL
1844|2016|21|NULL
1845|2016|22|NULL
1846|2016|23|NULL
1847|2016|24|NULL
1848|2016|1|NULL
1849|2016|2|NULL
1850|2016|3|NULL
1851|2016|4|NULL
1852|2016|5|NULL
1853|2016|6|NULL
1854|2016|7|NULL
1855|2016|8|NULL
1856|2016|9|NULL
1857|2016|10|NULL
1858|2016|11|NULL
1859|2016|12|NULL
1860|2016|13|NULL
1861|2016|14|NULL
1862|2016|15|NULL
1863|2016|16|NULL
1864|2016|17|NULL
1865|2016|18|NULL
1866|2016|19|NULL
1867|2016|20|NULL
1868|2016|21|NULL
1869|2016|22|NULL
1870|2016|23|NULL
1871|2016|24|NULL
1872|2016|1|NULL
1873|2016|2|NULL
1874|2016|3|NULL
1875|2016|4|NULL
1876|2016|5|NULL
1877|2016|6|NULL
1878|2016|7|NULL
1879|2016|8|NULL
1880|2016|9|NULL
1881|2016|10|NULL
1882|2016|11|NULL
1883|2016|12|NULL
1884|2016|13|NULL
1885|2016|14|NULL
1886|2016|15|NULL
1887|2016|16|NULL
1888|2016|17|NULL
1889|2016|18|NULL
1890|2016|19|NULL
1891|2016|20|NULL
1892|2016|21|NULL
1893|2016|22|NULL
1894|2016|23|NULL
1895|2016|24|NULL
1896|2016|1|NULL
1897|2016|2|NULL
1898|2016|3|NULL
1899|2016|4|NULL
1900|2016|5|NULL
1901|2016|6|NULL
1902|2016|7|NULL
1903|2016|8|NULL
1904|2016|9|NULL
1905|2016|10|NULL
1906|2016|11|NULL
1907|2016|12|NULL
1908|2016|13|NULL
1909|2016|14|NULL
1910|2016|15|NULL
1911|2016|16|NULL
1912|2016|17|NULL
1913|2016|18|NULL
1914|2016|19|NULL
1915|2016|20|NULL
1916|2016|21|NULL
1917|2016|22|NULL
1918|2016|23|NULL
1919|2016|24|NULL
1920|2016|1|NULL
1921|2016|2|NULL
1922|2016|3|NULL
1923|2016|4|NULL
1924|2016|5|NULL
1925|2016|6|NULL
1926|2016|7|NULL
1927|2016|8|NULL
1928|2016|9|NULL
1929|2016|10|NULL
1930|2016|11|NULL
1931|2016|12|NULL
1932|2016|13|NULL
1933|2016|14|NULL
1934|2016|15|NULL
1935|2016|16|NULL
1936|2016|17|NULL
1937|2016|18|NULL
1938|2016|19|NULL
1939|2016|20|NULL
1940|2016|21|NULL
1941|2016|22|NULL
1942|2016|23|NULL
1943|2016|24|NULL
1944|2016|1|NULL
1945|2016|2|NULL
1946|2016|3|NULL
1947|2016|4|NULL
1948|2016|5|NULL
1949|2016|6|NULL
1950|2016|7|NULL
1951|2016|8|NULL
1952|2016|9|NULL
1953|2016|10|NULL
1954|2016|11|NULL
1955|2016|12|NULL
1956|2016|13|NULL
1957|2016|14|NULL
1958|2016|15|NULL
1959|2016|16|NULL
1960|2016|17|NULL
1961|2016|18|NULL
1962|2016|19|NULL
1963|2016|20|NULL
1964|2016|21|NULL
1965|2016|22|NULL
1966|2016|23|NULL
1967|2016|24|NULL
1968|2016|1|NULL
1969|2016|2|NULL
1970|2016|3|NULL
1971|2016|4|NULL
1972|2016|5|NULL
1973|2016|6|NULL
1974|2016|7|NULL
1975|2016|8|NULL
1976|2016|9|NULL
1977|2016|10|NULL
1978|2016|11|NULL
1979|2016|12|NULL
1980|2016|13|NULL
1981|2016|14|NULL
1982|2016|15|NULL
1983|2016|16|NULL
1984|2016|17|NULL
1985|2016|18|NULL
1986|2016|19|NULL
1987|2016|20|NULL
1988|2016|21|NULL
1989|2016|22|NULL
1990|2016|23|NULL
1991|2016|24|NULL
1992|2016|1|NULL
1993|2016|2|NULL
1994|2016|3|NULL
1995|2016|4|NULL
1996|2016|5|NULL
1997|2016|6|NULL
1998|2016|7|NULL
1999|2016|8|NULL
2000|2016|9|NULL
2001|2016|10|NULL
2002|2016|11|NULL
2003|2016|12|NULL
2004|2016|13|NULL
2005|2016|14|NULL
2006|2016|15|NULL
2007|2016|16|NULL
2008|2016|17|NULL
2009|2016|18|NULL
2010|2016|19|NULL
2011|2016|20|NULL
2012|2016|21|NULL
2013|2016|22|NULL
2014|2016|23|NULL
2015|2016|24|NULL
2016|2016|1|NULL
2017|2016|2|NULL
2018|2016|3|NULL
2019|2016|4|NULL
2020|2016|5|NULL
2021|2016|6|NULL
2022|2016|7|NULL
2023|2016|8|NULL
2024|2016|9|NULL
2025|2016|10|NULL
2026|2016|11|NULL
2027|2016|12|NULL
2028|2016|13|NULL
2029|2016|14|NULL
2030|2016|15|NULL
2031|2016|16|NULL
2032|2016|17|NULL
2033|2016|18|NULL
2034|2016|19|NULL
2035|2016|20|NULL
2036|2016|21|NULL
2037|2016|22|NULL
2038|2016|23|NULL
2039|2016|24|NULL
2040|2016|1|NULL
2041|2016|2|NULL
2042|2016|3|NULL
2043|2016|4|NULL
2044|2016|5|NULL
2045|2016|6|NULL
2046|2016|7|NULL
2047|2016|8|NULL
2048|2016|9|NULL
2049|2016|10|NULL
2050|2016|11|NULL
2051|2016|12|NULL
2052|2016|13|NULL
2053|2016|14|NULL
2054|2016|15|NULL
2055|2016|16|NULL
2056|2016|17|NULL
2057|2016|18|NULL
2058|2016|19|NULL
2059|2016|20|NULL
2060|2016|21|NULL
2061|2016|22|NULL
2062|2016|23|NULL
2063|2016|24|NULL
2064|2016|1|NULL
2065|2016|2|NULL
2066|2016|3|NULL
2067|2016|4|NULL
2068|2016|5|NULL
2069|2016|6|NULL
2070|2016|7|NULL
2071|2016|8|NULL
2072|2016|9|NULL
2073|2016|10|NULL
2074|2016|11|NULL
2075|2016|12|NULL
2076|2016|13|NULL
2077|2016|14|NULL
2078|2016|15|NULL
2079|2016|16|NULL
2080|2016|17|NULL
2081|2016|18|NULL
2082|2016|19|NULL
2083|2016|20|NULL
2084|2016|21|NULL
2085|2016|22|NULL
2086|2016|23|NULL
2087|2016|24|NULL
2088|2016|1|NULL
2089|2016|2|NULL
2090|2016|3|NULL
2091|2016|4|NULL
2092|2016|5|NULL
2093|2016|6|NULL
2094|2016|7|NULL
2095|2016|8|NULL
2096|2016|9|NULL
2097|2016|10|NULL
2098|2016|11|NULL
2099|2016|12|NULL
2100|2016|13|NULL
2101|2016|14|NULL
2102|2016|15|NULL
2103|2016|16|NULL
2104|2016|17|NULL
2105|2016|18|NULL
2106|2016|19|NULL
2107|2016|20|NULL
2108|2016|21|NULL
2109|2016|22|NULL
2110|2016|23|NULL
2111|2016|24|NULL
2112|2016|1|NULL
2113|2016|2|NULL
2114|2016|3|NULL
2115|2016|4|NULL
2116|2016|5|NULL
2117|2016|6|NULL
2118|2016|7|NULL
2119|2016|8|NULL
2120|2016|9|NULL
2121|2016|10|NULL
2122|2016|11|NULL
2123|2016|12|NULL
2124|2016|13|NULL
2125|2016|14|NULL
2126|2016|15|NULL
2127|2016|16|NULL
2128|2016|17|NULL
2129|2016|18|NULL
2130|2016|19|NULL
2131|2016|20|NULL
2132|2016|21|NULL
2133|2016|22|NULL
2134|2016|23|NULL
2135|2016|24|NULL
2136|2016|1|NULL
2137|2016|2|NULL
2138|2016|3|NULL
2139|2016|4|NULL
2140|2016|5|NULL
2141|2016|6|NULL
2142|2016|7|NULL
2143|2016|8|NULL
2144|2016|9|NULL
2145|2016|10|NULL
2146|2016|11|NULL
2147|2016|12|NULL
2148|2016|13|NULL
2149|2016|14|NULL
2150|2016|15|NULL
2151|2016|16|NULL
2152|2016|17|NULL
2153|2016|18|NULL
2154|2016|19|NULL
2155|2016|20|NULL
2156|2016|21|NULL
2157|2016|22|NULL
2158|2016|23|NULL
2159|2016|24|NULL
2160|2016|1|NULL
2161|2016|2|NULL
2162|2016|3|NULL
2163|2016|4|NULL
2164|2016|5|NULL
2165|2016|6|NULL
2166|2016|7|NULL
2167|2016|8|NULL
2168|2016|9|NULL
2169|2016|10|NULL
2170|2016|11|NULL
2171|2016|12|NULL
2172|2016|13|NULL
2173|2016|14|NULL
2174|2016|15|NULL
2175|2016|16|NULL
2176|2016|17|NULL
2177|2016|18|NULL
2178|2016|19|NULL
2179|2016|20|NULL
2180|2016|21|NULL
2181|2016|22|NULL
2182|2016|23|NULL
2183|2016|24|NULL
2184|2016|1|NULL
2185|2016|2|NULL
2186|2016|3|NULL
2187|2016|4|NULL
2188|2016|5|NULL
2189|2016|6|NULL
2190|2016|7|NULL
2191|2016|8|NULL
2192|2016|9|NULL
2193|2016|10|NULL
2194|2016|11|NULL
2195|2016|12|NULL
2196|2016|13|NULL
2197|2016|14|NULL
2198|2016|15|NULL
2199|2016|16|NULL
2200|2016|17|NULL
2201|2016|18|NULL
2202|2016|19|NULL
2203|2016|20|NULL
2204|2016|21|NULL
2205|2016|22|NULL
2206|2016|23|NULL
2207|2016|24|NULL
2208|2016|1|NULL
2209|2016|2|NULL
2210|2016|3|NULL
2211|2016|4|NULL
2212|2016|5|NULL
2213|2016|6|NULL
2214|2016|7|NULL
2215|2016|8|NULL
2216|2016|9|NULL
2217|2016|10|NULL
2218|2016|11|NULL
2219|2016|12|NULL
2220|2016|13|NULL
2221|2016|14|NULL
2222|2016|15|NULL
2223|2016|16|NULL
2224|2016|17|NULL
2225|2016|18|NULL
2226|2016|19|NULL
2227|2016|20|NULL
2228|2016|21|NULL
2229|2016|22|NULL
2230|2016|23|NULL
2231|2016|24|NULL
2232|2016|11|NULL
10001|2016|2|NULL
10002|2016|3|NULL
10003|2016|4|NULL
10004|2016|5|NULL
10005|2016|6|NULL
10006|2016|7|NULL
10007|2016|8|NULL
10008|2016|9|NULL
10009|2016|10|NULL
10010|2016|11|NULL
10011|2016|12|NULL
10012|2016|13|NULL
10013|2016|14|NULL
10014|2016|15|NULL
10015|2016|16|NULL
10016|2016|17|NULL
10017|2016|18|NULL
10018|2016|19|NULL
10019|2016|20|NULL
10020|2016|21|NULL
10021|2016|22|NULL
10022|2016|23|NULL
10023|2016|24|NULL
10024|2016|1|NULL
10025|2016|2|NULL
10026|2016|3|NULL
10027|2016|4|NULL
10028|2016|5|NULL
10029|2016|6|NULL
10030|2016|7|NULL
10031|2016|8|NULL
10032|2016|9|NULL
10033|2016|10|NULL
10034|2016|11|NULL
10035|2016|12|NULL
10036|2016|13|NULL
10037|2016|14|NULL
10038|2016|15|NULL
10039|2016|16|NULL
10040|2016|17|NULL
10041|2016|18|NULL
10042|2016|19|NULL
10043|2016|20|NULL
10044|2016|21|NULL
10045|2016|22|NULL
10046|2016|23|NULL
10047|2016|24|NULL
10048|2016|1|NULL
10049|2016|2|NULL
10050|2016|3|NULL
10051|2016|4|NULL
10052|2016|5|NULL
10053|2016|6|NULL
10054|2016|7|NULL
10055|2016|8|NULL
10056|2016|9|NULL
10057|2016|10|NULL
10058|2016|11|NULL
10059|2016|12|NULL
10060|2016|13|NULL
10061|2016|14|NULL
10062|2016|15|NULL
10063|2016|16|NULL
10064|2016|17|NULL
10065|2016|18|NULL
10066|2016|19|NULL
10067|2016|20|NULL
10068|2016|21|NULL
10069|2016|22|NULL
10070|2016|23|NULL
10071|2016|24|NULL
10072|2016|1|NULL
10073|2016|2|NULL
10074|2016|3|NULL
10075|2016|4|NULL
10076|2016|5|NULL
10077|2016|6|NULL
10078|2016|7|NULL
10079|2016|8|NULL
10080|2016|9|NULL
10081|2016|10|NULL
10082|2016|11|NULL
10083|2016|12|NULL
10084|2016|13|NULL
10085|2016|14|NULL
10086|2016|15|NULL
10087|2016|16|NULL
10088|2016|17|NULL
10089|2016|18|NULL
10090|2016|19|NULL
10091|2016|20|NULL
10092|2016|21|NULL
10093|2016|22|NULL
10094|2016|23|NULL
10095|2016|24|NULL
10096|2016|1|NULL
10097|2016|2|NULL
10098|2016|3|NULL
10099|2016|4|NULL
10100|2016|5|NULL
10101|2016|6|NULL
10102|2016|7|NULL
10103|2016|8|NULL
10104|2016|9|NULL
10105|2016|10|NULL
10106|2016|11|NULL
10107|2016|12|NULL
10108|2016|13|NULL
10109|2016|14|NULL
10110|2016|15|NULL
10111|2016|16|NULL
10112|2016|17|NULL
10113|2016|18|NULL
10114|2016|19|NULL
10115|2016|20|NULL
10116|2016|21|NULL
10117|2016|22|NULL
10118|2016|23|NULL
10119|2016|24|NULL
10120|2016|1|NULL
10121|2016|2|NULL
10122|2016|3|NULL
10123|2016|4|NULL
10124|2016|5|NULL
10125|2016|6|NULL
10126|2016|7|NULL
10127|2016|8|NULL
10128|2016|9|NULL
10129|2016|10|NULL
10130|2016|11|NULL
10131|2016|12|NULL
10132|2016|13|NULL
10133|2016|14|NULL
10134|2016|15|NULL
10135|2016|16|NULL
10136|2016|17|NULL
10137|2016|18|NULL
10138|2016|19|NULL
10139|2016|20|NULL
10140|2016|21|NULL
10141|2016|22|NULL
10142|2016|23|NULL
10143|2016|24|NULL
10144|2016|1|NULL
10145|2016|2|NULL
10146|2016|3|NULL
10147|2016|4|NULL
10148|2016|5|NULL
10149|2016|6|NULL
10150|2016|7|NULL
10151|2016|8|NULL
10152|2016|9|NULL
10153|2016|10|NULL
10154|2016|11|NULL
10155|2016|12|NULL
10156|2016|13|NULL
10157|2016|14|NULL
10158|2016|15|NULL
10159|2016|16|NULL
10160|2016|17|NULL
10161|2016|18|NULL
10162|2016|19|NULL
10163|2016|20|NULL
10164|2016|21|NULL
10165|2016|22|NULL
10166|2016|23|NULL
10167|2016|24|NULL
10168|2016|1|NULL
10169|2016|2|NULL
10170|2016|3|NULL
10171|2016|4|NULL
10172|2016|5|NULL
10173|2016|6|NULL
10174|2016|7|NULL
10175|2016|8|NULL
10176|2016|9|NULL
10177|2016|10|NULL
10178|2016|11|NULL
10179|2016|12|NULL
10180|2016|13|NULL
10181|2016|14|NULL
10182|2016|15|NULL
10183|2016|16|NULL
10184|2016|17|NULL
10185|2016|18|NULL
10186|2016|19|NULL
10187|2016|20|NULL
10188|2016|21|NULL
10189|2016|22|NULL
10190|2016|23|NULL
10191|2016|24|NULL
10192|2016|1|NULL
10193|2016|2|NULL
10194|2016|3|NULL
10195|2016|4|NULL
10196|2016|5|NULL
10197|2016|6|NULL
10198|2016|7|NULL
10199|2016|8|NULL
10200|2016|9|NULL
10201|2016|10|NULL
10202|2016|11|NULL
10203|2016|12|NULL
10204|2016|13|NULL
10205|2016|14|NULL
10206|2016|15|NULL
10207|2016|16|NULL
10208|2016|17|NULL
10209|2016|18|NULL
10210|2016|19|NULL
10211|2016|20|NULL
10212|2016|21|NULL
10213|2016|22|NULL
10214|2016|23|NULL
10215|2016|24|NULL
10216|2016|1|NULL
10217|2016|2|NULL
10218|2016|3|NULL
10219|2016|4|NULL
10220|2016|5|NULL
10221|2016|6|NULL
10222|2016|7|NULL
10223|2016|8|NULL
10224|2016|9|NULL
10225|2016|10|NULL
10226|2016|11|NULL
10227|2016|12|NULL
10228|2016|13|NULL
10229|2016|14|NULL
10230|2016|15|NULL
10231|2016|16|NULL
10232|2016|17|NULL
10233|2016|18|NULL
10234|2016|19|NULL
10235|2016|20|NULL
10236|2016|21|NULL
10237|2016|22|NULL
10238|2016|23|NULL
10239|2016|24|NULL
10240|2016|1|NULL
10241|2016|2|NULL
10242|2016|3|NULL
10243|2016|4|NULL
10244|2016|5|NULL
10245|2016|6|NULL
10246|2016|7|NULL
10247|2016|8|NULL
10248|2016|9|NULL
10249|2016|10|NULL
10250|2016|11|NULL
10251|2016|12|NULL
10252|2016|13|NULL
10253|2016|14|NULL
10254|2016|15|NULL
10255|2016|16|NULL
10256|2016|17|NULL
10257|2016|18|NULL
10258|2016|19|NULL
10259|2016|20|NULL
10260|2016|21|NULL
10261|2016|22|NULL
10262|2016|23|NULL
10263|2016|24|NULL
10264|2016|1|NULL
10265|2016|2|NULL
10266|2016|3|NULL
10267|2016|4|NULL
10268|2016|5|NULL
10269|2016|6|NULL
10270|2016|7|NULL
10271|2016|8|NULL
10272|2016|9|NULL
10273|2016|10|NULL
10274|2016|11|NULL
10275|2016|12|NULL
10276|2016|13|NULL
10277|2016|14|NULL
10278|2016|15|NULL
10279|2016|16|NULL
10280|2016|17|NULL
10281|2016|18|NULL
10282|2016|19|NULL
10283|2016|20|NULL
10284|2016|21|NULL
10285|2016|22|NULL
10286|2016|23|NULL
10287|2016|24|NULL
10288|2016|1|NULL
10289|2016|2|NULL
10290|2016|3|NULL
10291|2016|4|NULL
10292|2016|5|NULL
10293|2016|6|NULL
10294|2016|7|NULL
10295|2016|8|NULL
10296|2016|9|NULL
10297|2016|10|NULL
10298|2016|11|NULL
10299|2016|12|NULL
10300|2016|13|NULL
10301|2016|14|NULL
10302|2016|15|NULL
10303|2016|16|NULL
10304|2016|17|NULL
10305|2016|18|NULL
10306|2016|19|NULL
10307|2016|20|NULL
10308|2016|21|NULL
10309|2016|22|NULL
10310|2016|23|NULL
10311|2016|24|NULL
10312|2016|1|NULL
10313|2016|2|NULL
10314|2016|3|NULL
10315|2016|4|NULL
10316|2016|5|NULL
10317|2016|6|NULL
10318|2016|7|NULL
10319|2016|8|NULL
10320|2016|9|NULL
10321|2016|10|NULL
10322|2016|11|NULL
10323|2016|12|NULL
10324|2016|13|NULL
10325|2016|14|NULL
10326|2016|15|NULL
10327|2016|16|NULL
10328|2016|17|NULL
10329|2016|18|NULL
10330|2016|19|NULL
10331|2016|20|NULL
10332|2016|21|NULL
10333|2016|22|NULL
10334|2016|23|NULL
10335|2016|24|NULL
10336|2016|1|NULL
10337|2016|2|NULL
10338|2016|3|NULL
10339|2016|4|NULL
10340|2016|5|NULL
10341|2016|6|NULL
10342|2016|7|NULL
10343|2016|8|NULL
10344|2016|9|NULL
10345|2016|10|NULL
10346|2016|11|NULL
10347|2016|12|NULL
10348|2016|13|NULL
10349|2016|14|NULL
10350|2016|15|NULL
10351|2016|16|NULL
10352|2016|17|NULL
10353|2016|18|NULL
10354|2016|19|NULL
10355|2016|20|NULL
10356|2016|21|NULL
10357|2016|22|NULL
10358|2016|23|NULL
10359|2016|24|NULL
10360|2016|1|NULL
10361|2016|2|NULL
10362|2016|3|NULL
10363|2016|4|NULL
10364|2016|5|NULL
10365|2016|6|NULL
10366|2016|7|NULL
10367|2016|8|NULL
10368|2016|9|NULL
10369|2016|10|NULL
10370|2016|11|NULL
10371|2016|12|NULL
10372|2016|13|NULL
10373|2016|14|NULL
10374|2016|15|NULL
10375|2016|16|NULL
10376|2016|17|NULL
10377|2016|18|NULL
10378|2016|19|NULL
10379|2016|20|NULL
10380|2016|21|NULL
10381|2016|22|NULL
10382|2016|23|NULL
10383|2016|24|NULL
10384|2016|1|NULL
10385|2016|2|NULL
10386|2016|3|NULL
10387|2016|4|NULL
10388|2016|5|NULL
10389|2016|6|NULL
10390|2016|7|NULL
10391|2016|8|NULL
10392|2016|9|NULL
10393|2016|10|NULL
10394|2016|11|NULL
10395|2016|12|NULL
10396|2016|13|NULL
10397|2016|14|NULL
10398|2016|15|NULL
10399|2016|16|NULL
10400|2016|17|NULL
10401|2016|18|NULL
10402|2016|19|NULL
10403|2016|20|NULL
10404|2016|21|NULL
10405|2016|22|NULL
10406|2016|23|NULL
10407|2016|24|NULL
10408|2016|1|NULL
10409|2016|2|NULL
10410|2016|3|NULL
10411|2016|4|NULL
10412|2016|5|NULL
10413|2016|6|NULL
10414|2016|7|NULL
10415|2016|8|NULL
10416|2016|9|NULL
10417|2016|10|NULL
10418|2016|11|NULL
10419|2016|12|NULL
10420|2016|13|NULL
10421|2016|14|NULL
10422|2016|15|NULL
10423|2016|16|NULL
10424|2016|17|NULL
10425|2016|18|NULL
10426|2016|19|NULL
10427|2016|20|NULL
10428|2016|21|NULL
10429|2016|22|NULL
10430|2016|23|NULL
10431|2016|24|NULL
10432|2016|1|NULL
10433|2016|2|NULL
10434|2016|3|NULL
10435|2016|4|NULL
10436|2016|5|NULL
10437|2016|6|NULL
10438|2016|7|NULL
10439|2016|8|NULL
10440|2016|9|NULL
10441|2016|10|NULL
10442|2016|11|NULL
10443|2016|12|NULL
10444|2016|13|NULL
10445|2016|14|NULL
10446|2016|15|NULL
10447|2016|16|NULL
10448|2016|17|NULL
10449|2016|18|NULL
10450|2016|19|NULL
10451|2016|20|NULL
10452|2016|21|NULL
10453|2016|22|NULL
10454|2016|23|NULL
10455|2016|24|NULL
10456|2016|1|NULL
10457|2016|2|NULL
10458|2016|3|NULL
10459|2016|4|NULL
10460|2016|5|NULL
10461|2016|6|NULL
10462|2016|7|NULL
10463|2016|8|NULL
10464|2016|9|NULL
10465|2016|10|NULL
10466|2016|11|NULL
10467|2016|12|NULL
10468|2016|13|NULL
10469|2016|14|NULL
10470|2016|15|NULL
10471|2016|16|NULL
10472|2016|17|NULL
10473|2016|18|NULL
10474|2016|19|NULL
10475|2016|20|NULL
10476|2016|21|NULL
10477|2016|22|NULL
10478|2016|23|NULL
10479|2016|24|NULL
10480|2016|1|NULL
10481|2016|2|NULL
10482|2016|3|NULL
10483|2016|4|NULL
10484|2016|5|NULL
10485|2016|6|NULL
10486|2016|7|NULL
10487|2016|8|NULL
10488|2016|9|NULL
10489|2016|10|NULL
10490|2016|11|NULL
10491|2016|12|NULL
10492|2016|13|NULL
10493|2016|14|NULL
10494|2016|15|NULL
10495|2016|16|NULL
10496|2016|17|NULL
10497|2016|18|NULL
10498|2016|19|NULL
10499|2016|20|NULL
10500|2016|21|NULL
10501|2016|22|NULL
10502|2016|23|NULL
10503|2016|24|NULL
10504|2016|1|NULL
10505|2016|2|NULL
10506|2016|3|NULL
10507|2016|4|NULL
10508|2016|5|NULL
10509|2016|6|NULL
10510|2016|7|NULL
10511|2016|8|NULL
10512|2016|9|NULL
10513|2016|10|NULL
10514|2016|11|NULL
10515|2016|12|NULL
10516|2016|13|NULL
10517|2016|14|NULL
10518|2016|15|NULL
10519|2016|16|NULL
10520|2016|17|NULL
10521|2016|18|NULL
10522|2016|19|NULL
10523|2016|20|NULL
10524|2016|21|NULL
10525|2016|22|NULL
10526|2016|23|NULL
10527|2016|24|NULL
10528|2016|1|NULL
10529|2016|2|NULL
10530|2016|3|NULL
10531|2016|4|NULL
10532|2016|5|NULL
10533|2016|6|NULL
10534|2016|7|NULL
10535|2016|8|NULL
10536|2016|9|NULL
10537|2016|10|NULL
10538|2016|11|NULL
10539|2016|12|NULL
10540|2016|13|NULL
10541|2016|14|NULL
10542|2016|15|NULL
10543|2016|16|NULL
10544|2016|17|NULL
10545|2016|18|NULL
10546|2016|19|NULL
10547|2016|20|NULL
10548|2016|21|NULL
10549|2016|22|NULL
10550|2016|23|NULL
10551|2016|24|NULL
10552|2016|1|NULL
10553|2016|2|NULL
10554|2016|3|NULL
10555|2016|4|NULL
10556|2016|5|NULL
10557|2016|6|NULL
10558|2016|7|NULL
10559|2016|8|NULL
10560|2016|9|NULL
10561|2016|10|NULL
10562|2016|11|NULL
10563|2016|12|NULL
10564|2016|13|NULL
10565|2016|14|NULL
10566|2016|15|NULL
10567|2016|16|NULL
10568|2016|17|NULL
10569|2016|18|NULL
10570|2016|19|NULL
10571|2016|20|NULL
10572|2016|21|NULL
10573|2016|22|NULL
10574|2016|23|NULL
10575|2016|24|NULL
10576|2016|1|NULL
10577|2016|2|NULL
10578|2016|3|NULL
10579|2016|4|NULL
10580|2016|5|NULL
10581|2016|6|NULL
10582|2016|7|NULL
10583|2016|8|NULL
10584|2016|9|NULL
10585|2016|10|NULL
10586|2016|11|NULL
10587|2016|12|NULL
10588|2016|13|NULL
10589|2016|14|NULL
10590|2016|15|NULL
10591|2016|16|NULL
10592|2016|17|NULL
10593|2016|18|NULL
10594|2016|19|NULL
10595|2016|20|NULL
10596|2016|21|NULL
10597|2016|22|NULL
10598|2016|23|NULL
10599|2016|24|NULL
10600|2016|1|NULL
10601|2016|2|NULL
10602|2016|3|NULL
10603|2016|4|NULL
10604|2016|5|NULL
10605|2016|6|NULL
10606|2016|7|NULL
10607|2016|8|NULL
10608|2016|9|NULL
10609|2016|10|NULL
10610|2016|11|NULL
10611|2016|12|NULL
10612|2016|13|NULL
10613|2016|14|NULL
10614|2016|15|NULL
10615|2016|16|NULL
10616|2016|17|NULL
10617|2016|18|NULL
10618|2016|19|NULL
10619|2016|20|NULL
10620|2016|21|NULL
10621|2016|22|NULL
10622|2016|23|NULL
10623|2016|24|NULL
10624|2016|1|NULL
10625|2016|2|NULL
10626|2016|3|NULL
10627|2016|4|NULL
10628|2016|5|NULL
10629|2016|6|NULL
10630|2016|7|NULL
10631|2016|8|NULL
10632|2016|9|NULL
10633|2016|10|NULL
10634|2016|11|NULL
10635|2016|12|NULL
10636|2016|13|NULL
10637|2016|14|NULL
10638|2016|15|NULL
10639|2016|16|NULL
10640|2016|17|NULL
10641|2016|18|NULL
10642|2016|19|NULL
10643|2016|20|NULL
10644|2016|21|NULL
10645|2016|22|NULL
10646|2016|23|NULL
10647|2016|24|NULL
10648|2016|1|NULL
10649|2016|2|NULL
10650|2016|3|NULL
10651|2016|4|NULL
10652|2016|5|NULL
10653|2016|6|NULL
10654|2016|7|NULL
10655|2016|8|NULL
10656|2016|9|NULL
10657|2016|10|NULL
10658|2016|11|NULL
10659|2016|12|NULL
10660|2016|13|NULL
10661|2016|14|NULL
10662|2016|15|NULL
10663|2016|16|NULL
10664|2016|17|NULL
10665|2016|18|NULL
10666|2016|19|NULL
10667|2016|20|NULL
10668|2016|21|NULL
10669|2016|22|NULL
10670|2016|23|NULL
10671|2016|24|NULL
10672|2016|1|NULL
10673|2016|2|NULL
10674|2016|3|NULL
10675|2016|4|NULL
10676|2016|5|NULL
10677|2016|6|NULL
10678|2016|7|NULL
10679|2016|8|NULL
10680|2016|9|NULL
10681|2016|10|NULL
10682|2016|11|NULL
10683|2016|12|NULL
10684|2016|13|NULL
10685|2016|14|NULL
10686|2016|15|NULL
10687|2016|16|NULL
10688|2016|17|NULL
10689|2016|18|NULL
10690|2016|19|NULL
10691|2016|20|NULL
10692|2016|21|NULL
10693|2016|22|NULL
10694|2016|23|NULL
10695|2016|24|NULL
10696|2016|1|NULL
10697|2016|2|NULL
10698|2016|3|NULL
10699|2016|4|NULL
10700|2016|5|NULL
10701|2016|6|NULL
10702|2016|7|NULL
10703|2016|8|NULL
10704|2016|9|NULL
10705|2016|10|NULL
10706|2016|11|NULL
10707|2016|12|NULL
10708|2016|13|NULL
10709|2016|14|NULL
10710|2016|15|NULL
10711|2016|16|NULL
10712|2016|17|NULL
10713|2016|18|NULL
10714|2016|19|NULL
10715|2016|20|NULL
10716|2016|21|NULL
10717|2016|22|NULL
10718|2016|23|NULL
10719|2016|24|NULL
10720|2016|1|NULL
10721|2016|2|NULL
10722|2016|3|NULL
10723|2016|4|NULL
10724|2016|5|NULL
10725|2016|6|NULL
10726|2016|7|NULL
10727|2016|8|NULL
10728|2016|9|NULL
10729|2016|10|NULL
10730|2016|11|NULL
10731|2016|12|NULL
10732|2016|13|NULL
10733|2016|14|NULL
10734|2016|15|NULL
10735|2016|16|NULL
10736|2016|17|NULL
10737|2016|18|NULL
10738|2016|19|NULL
10739|2016|20|NULL
10740|2016|21|NULL
10741|2016|22|NULL
10742|2016|23|NULL
10743|2016|24|NULL
